Name = MSI_N
Long1 = -88.1958
Long2 = -88.1968
Lat1 = 40.06732
Lat2 = 40.06795

Name = MSA
Long1 = -88.1949
Long2 = -88.1961
Lat1 = 40.0672
Lat2 = 40.0684

Name = MSI_CS
Long1 = -88.1954
Long2 = -88.1971
Lat1 = 40.0665
Lat2 = 40.0673